   '!' ( 33)  |11111110|00                                 3f8  [10]
   '"' ( 34)  |11111110|01                                 3f9  [10]
   '#' ( 35)  |11111111|1010                               ffa  [12]
   '$' ( 36)  |11111111|11001                             1ff9  [13]
   '%' ( 37)  |010101                                       15  [ 6]
   '&' ( 38)  |11111000                                     f8  [ 8]
   '*' ( 42)  |11111001                                     f9  [ 8]
   '+' ( 43)  |11111111|011                                7fb  [11]
   ',' ( 44)  |11111010                                     fa  [ 8]
   '-' ( 45)  |010110                                       16  [ 6]
   '.' ( 46)  |010111                                       17  [ 6]
   '/' ( 47)  |011000                                       18  [ 6]
   '0' ( 48)  |00000                                         0  [ 5]
   '1' ( 49)  |00001                                         1  [ 5]
   '2' ( 50)  |00010                                         2  [ 5]
   '3' ( 51)  |011001                                       19  [ 6]
   '4' ( 52)  |011010                                       1a  [ 6]
   '5' ( 53)  |011011                                       1b  [ 6]
   '6' ( 54)  |011100                                       1c  [ 6]
   '7' ( 55)  |011101                                       1d  [ 6]
   '8' ( 56)  |011110                                       1e  [ 6]
   '9' ( 57)  |011111                                       1f  [ 6]
   ':' ( 58)  |1011100                                      5c  [ 7]
   ';' ( 59)  |11111011                                     fb  [ 8]
   '<' ( 60)  |11111111|1111100                           7ffc  [15]
   '=' ( 61)  |100000                                       20  [ 6]
   '>' ( 62)  |11111111|1011                               ffb  [12]
   '?' ( 63)  |11111111|00                                 3fc  [10]
   '@' ( 64)  |11111111|11010                             1ffa  [13]
   'A' ( 65)  |100001                                       21  [ 6]
   'B' ( 66)  |1011101                                      5d  [ 7]
   'C' ( 67)  |1011110                                      5e  [ 7]
   'D' ( 68)  |1011111                                      5f  [ 7]
   'E' ( 69)  |1100000                                      60  [ 7]
   'F' ( 70)  |1100001                                      61  [ 7]
   'G' ( 71)  |1100010                                      62  [ 7]
   'H' ( 72)  |1100011                                      63  [ 7]
   'I' ( 73)  |1100100                                      64  [ 7]
   'J' ( 74)  |1100101                                      65  [ 7]
   'K' ( 75)  |1100110                                      66  [ 7]
   'L' ( 76)  |1100111                                      67  [ 7]
   'M' ( 77)  |1101000                                      68  [ 7]
   'N' ( 78)  |1101001                                      69  [ 7]
   'O' ( 79)  |1101010                                      6a  [ 7]
   'P' ( 80)  |1101011                                      6b  [ 7]
   'Q' ( 81)  |1101100                                      6c  [ 7]
   'R' ( 82)  |1101101                                      6d  [ 7]
   'S' ( 83)  |1101110                                      6e  [ 7]
   'T' ( 84)  |1101111                                      6f  [ 7]
   'U' ( 85)  |1110000                                      70  [ 7]
   'V' ( 86)  |1110001                                      71  [ 7]
   'W' ( 87)  |1110010                                      72  [ 7]
   'X' ( 88)  |11111100                                     fc  [ 8]
   'Y' ( 89)  |1110011                                      73  [ 7]
   'Z' ( 90)  |11111101                                     fd  [ 8]
   '[' ( 91)  |11111111|11011                             1ffb  [13]
   '\' ( 92)  |11111111|11111110|000                     7fff0  [19]
   ']' ( 93)  |11111111|11100                             1ffc  [13]
   '^' ( 94)  |11111111|111100                            3ffc  [14]
   '_' ( 95)  |100010                                       22  [ 6]
   '`' ( 96)  |11111111|1111101                           7ffd  [15]
   'a' ( 97)  |00011                                         3  [ 5]
   'b' ( 98)  |100011                                       23  [ 6]
   'c' ( 99)  |00100                                         4  [ 5]
   'd' (100)  |100100                                       24  [ 6]
   'e' (101)  |00101                                         5  [ 5]
   'f' (102)  |100101                                       25  [ 6]
   'g' (103)  |100110                                       26  [ 6]
   'h' (104)  |100111                                       27  [ 6]
   'i' (105)  |00110                                         6  [ 5]
   'j' (106)  |1110100                                      74  [ 7]
   'k' (107)  |1110101                                      75  [ 7]
   'l' (108)  |101000                                       28  [ 6]
   'm' (109)  |101001                                       29  [ 6]
   'n' (110)  |101010                                       2a  [ 6]
   'o' (111)  |00111                                         7  [ 5]
   'p' (112)  |101011                                       2b  [ 6]
   'q' (113)  |1110110                                      76  [ 7]
   'r' (114)  |101100                                       2c  [ 6]
   's' (115)  |01000                                         8  [ 5]
   't' (116)  |01001                                         9  [ 5]
   'u' (117)  |101101                                       2d  [ 6]
   'v' (118)  |1110111                                      77  [ 7]
   'w' (119)  |1111000                                      78  [ 7]
   'x' (120)  |1111001                                      79  [ 7]
   'y' (121)  |1111010                                      7a  [ 7]
   'z' (122)  |1111011                                      7b  [ 7]
   '{' (123)  |11111111|1111110                           7ffe  [15]
   '}' (125)  |11111111|111101                            3ffd  [14]
   '~' (126)  |11111111|11101                             1ffd  [13]
